02_Diversity_Structure_LD/map.asc
NCOLS 240 
NROWS 120 
XLLCORNER -20 
YLLCORNER 0 
CELLSIZE 0.166666666666667 
NODATA_value -32768 
[rows 40 to 79 of 120, columns 89 to 177 of 240]
287 286 278 301 322 389 390 292 266 257 257 266 275 295 309 327 326 331 316 331 334 339 320 328 315 314 297 295 288 276 275 263 266 259 254 255 255 243 275 266 249 246 245 264 234 222 246 239 201 239 243 244 242 252 252 224 256 254 254 266 259 290 283 287 284 297 314 326 338 325 365 383 418 395 397 448 482 448 464 449 452 469 456 425 412 398 388 380 374
296 293 286 296 328 360 316 277 264 258 258 267 287 304 304 319 314 314 308 304 302 306 322 313 327 323 314 305 289 296 287 274 269 277 270 271 261 264 258 248 237 227 241 239 240 214 247 235 205 232 233 235 235 249 233 247 253 257 260 244 264 279 276 281 278 293 296 321 349 334 358 401 446 434 424 465 497 461 485 471 474 474 464 427 402 391 380 372 367
307 304 292 318 369 372 305 275 261 258 262 269 287 295 291 296 312 333 327 318 322 308 297 302 314 315 320 307 297 308 300 288 286 276 262 259 266 273 260 249 246 245 238 235 226 203 241 232 195 221 232 229 234 238 223 255 254 247 241 243 276 294 297 310 291 284 310 317 352 358 380 402 460 477 459 487 522 492 507 502 470 483 444 412 394 381 373 367 362
303 321 304 319 391 364 296 274 261 260 264 268 281 292 285 291 296 336 319 332 321 309 320 304 288 311 331 319 305 302 290 280 271 269 280 283 277 259 253 266 257 243 242 231 232 206 236 228 191 235 226 224 218 216 238 247 247 229 236 261 282 297 287 300 306 306 301 327 355 391 406 415 445 505 474 499 530 519 508 522 487 461 424 401 389 381 374 367 361
315 328 337 365 433 379 314 276 266 268 277 263 288 292 280 288 288 295 309 335 325 302 297 299 278 320 319 303 300 285 287 282 284 290 289 287 275 262 276 276 266 253 236 243 262 236 204 215 185 228 233 219 205 247 230 230 219 224 257 285 282 277 277 278 289 328 319 318 358 427 405 439 437 468 493 545 543 544 527 516 494 450 415 401 390 382 375 369 365
338 380 403 438 453 408 328 292 268 273 292 278 283 269 273 280 288 303 318 326 336 308 292 290 275 304 312 311 296 305 292 297 297 290 286 273 281 289 281 273 260 242 257 252 249 248 235 200 184 210 237 223 202 240 225 215 224 240 247 261 281 310 287 290 318 320 342 369 369 418 434 429 458 456 477 519 526 544 557 535 497 464 435 408 393 382 377 373 369
381 392 373 412 455 388 319 299 273 297 299 302 296 270 266 287 300 306 323 326 342 320 297 284 273 286 301 312 312 310 307 303 314 298 280 286 298 284 279 269 262 266 261 263 264 243 234 239 203 190 223 210 201 253 221 211 220 232 239 259 281 251 260 291 307 347 364 378 422 428 435 452 463 482 494 514 531 540 553 538 516 475 453 420 404 388 383 378 372
340 346 334 365 397 331 314 281 303 337 316 325 289 265 270 282 288 301 326 316 323 323 315 297 279 272 286 287 286 316 317 309 310 299 289 277 255 264 262 274 274 265 288 283 262 251 265 230 217 199 182 221 204 246 229 195 236 245 267 271 237 246 268 272 305 330 345 356 406 450 477 486 513 494 532 557 575 595 578 542 498 487 457 443 409 398 390 382 377
329 347 348 383 365 297 302 293 354 308 353 324 289 271 277 292 295 320 344 329 309 323 322 314 283 261 264 275 299 307 311 287 295 302 292 258 238 221 218 239 242 281 285 281 275 255 252 236 213 192 178 193 193 228 227 201 227 268 277 303 296 290 331 326 344 366 395 385 429 468 519 543 572 556 557 587 592 613 584 531 499 463 468 438 415 413 402 391 387
348 384 349 378 318 308 294 340 320 297 297 296 281 269 266 272 288 315 335 343 320 304 300 311 297 269 253 281 290 280 267 284 266 270 282 239 225 212 200 208 222 269 226 235 265 280 272 250 219 217 209 191 168 190 211 216 208 210 244 240 262 307 370 365 385 397 422 419 462 508 541 591 593 631 621 608 632 599 553 515 490 465 444 435 439 427 423 426 396
337 341 355 375 319 309 316 337 315 320 330 284 270 265 266 287 312 331 328 339 339 325 289 288 291 278 250 252 271 250 259 291 252 250 241 212 202 217 207 193 214 214 203 241 281 286 273 256 228 248 226 225 207 170 162 174 190 225 219 260 288 319 397 387 389 409 412 422 439 514 568 644 665 645 661 663 615 583 562 561 536 497 501 489 477 452 450 422 415
350 361 338 338 315 333 358 330 326 336 322 292 296 273 278 283 299 326 324 327 326 318 310 275 268 285 273 243 245 233 254 291 268 220 222 201 186 187 209 174 186 194 204 303 282 299 285 251 236 285 255 229 231 222 200 180 169 219 212 244 256 311 384 392 409 441 470 455 472 515 548 610 622 689 683 682 669 662 655 622 578 529 562 567 522 476 451 444 430
407 381 357 366 371 396 335 302 308 317 302 286 306 266 263 283 305 332 323 314 309 304 309 307 291 254 248 248 227 222 247 291 279 234 193 215 196 172 165 184 220 236 285 297 309 303 264 253 256 299 259 278 254 224 229 213 158 165 180 215 266 315 345 350 406 448 479 497 489 485 491 561 634 689 670 652 674 651 652 641 599 597 563 577 563 509 497 473 464
497 502 443 459 426 375 326 306 310 292 291 290 314 280 263 280 298 333 333 336 328 298 289 284 258 261 231 253 218 219 242 291 254 219 209 196 169 156 176 215 244 297 364 310 312 274 264 289 298 275 268 303 258 231 252 265 215 190 158 186 245 282 332 315 373 434 461 473 466 461 490 548 625 672 645 638 676 641 659 671 667 669 596 604 660 722 649 608 492
512 521 466 488 367 323 322 328 304 307 305 285 285 271 282 304 305 317 320 298 296 295 281 229 194 203 236 225 197 204 229 274 279 222 201 157 153 176 187 230 363 403 404 324 316 274 285 305 290 291 268 323 305 260 276 281 240 223 192 162 218 266 293 303 375 430 431 443 438 472 519 594 636 640 634 627 661 638 652 681 677 713 677 634 668 734 636 564 490
464 428 375 325 311 328 316 313 328 327 313 282 264 258 277 292 288 286 299 326 293 244 217 189 166 175 205 208 196 215 251 282 284 230 167 141 167 203 195 358 370 451 353 343 315 288 300 326 314 289 266 311 331 293 316 265 214 191 199 171 217 236 262 306 383 395 427 415 436 438 476 561 626 643 611 642 643 633 651 662 694 712 732 772 759 760 616 560 517
320 302 300 299 297 334 322 320 337 347 335 314 300 262 288 306 277 258 270 323 258 197 177 187 150 158 170 230 294 327 366 294 202 172 139 147 180 224 346 406 458 455 371 357 324 301 307 333 293 289 292 314 306 329 315 266 223 177 154 168 234 289 315 326 366 393 364 368 397 407 487 530 594 617 600 617 623 622 644 649 662 758 754 795 829 791 652 577 548
310 309 281 283 303 328 352 358 341 356 330 313 307 273 263 301 301 272 243 269 285 219 159 157 138 155 178 254 236 228 204 165 142 146 139 170 200 250 459 475 546 404 373 351 320 345 326 328 309 299 331 363 332 307 308 265 201 162 141 197 276 312 304 328 346 326 277 298 346 410 438 416 521 565 588 613 638 652 653 695 716 769 773 804 981 898 720 620 601
301 326 302 271 286 315 363 378 370 363 327 309 322 283 256 297 305 268 231 225 249 206 167 136 128 138 137 147 149 148 172 177 154 122 142 161 178 235 461 462 534 412 399 354 361 362 361 344 342 320 374 363 322 301 292 256 224 177 147 198 265 277 317 323 265 262 253 242 301 357 337 386 457 534 581 603 626 677 701 705 772 825 798 840 940 809 799 684 689
299 310 299 262 282 301 347 358 369 391 362 324 294 274 254 290 323 280 260 209 200 227 207 164 130 125 138 138 140 151 192 173 165 125 161 183 186 222 321 348 410 427 408 380 383 361 373 365 347 376 365 340 308 281 278 276 243 176 158 227 272 282 282 302 234 198 230 244 250 308 272 310 393 428 506 537 622 680 754 770 736 778 813 1009 964 900 838 709 612
315 288 277 261 294 278 304 339 342 377 345 306 298 284 254 276 312 316 297 226 218 371 250 177 125 131 141 160 184 199 188 168 142 131 149 169 201 315 371 393 435 402 373 354 364 330 353 380 396 406 418 390 321 297 263 266 255 213 158 218 238 252 271 287 289 220 153 212 207 222 246 312 391 473 541 559 631 706 756 760 783 766 870 1161 1213 1181 919 724 601
348 316 261 244 265 268 292 331 324 375 342 339 308 289 254 294 308 261 242 263 311 308 172 122 118 117 128 143 159 209 199 147 129 136 190 193 224 397 409 407 450 401 361 330 340 319 342 374 391 428 464 394 315 289 300 280 253 228 151 230 239 211 220 216 228 208 131 121 204 278 293 366 413 447 478 531 582 676 718 749 830 863 919 1210 1249 1089 939 773 653
364 339 276 278 252 247 291 297 298 336 351 352 329 289 251 288 314 274 217 196 336 220 123 126 130 143 156 166 182 208 197 129 114 132 174 220 250 295 378 402 433 401 366 352 312 311 347 364 370 406 451 372 334 318 356 320 277 199 164 239 195 163 176 210 170 160 106 122 194 242 259 305 406 507 513 544 571 637 732 746 743 865 947 1175 1273 1133 1048 993 710
378 355 306 282 261 238 311 267 304 301 347 348 312 309 260 263 304 289 218 184 224 196 117 119 148 165 139 133 173 213 191 154 116 147 207 266 316 381 422 408 413 389 384 338 301 312 355 343 364 407 415 396 359 338 350 339 295 234 151 179 179 192 166 201 179 133 108 126 128 169 258 329 397 479 529 607 680 603 693 648 589 526 619 1157 1358 1246 1157 1061 719
380 340 332 292 261 232 253 236 270 283 324 341 307 299 247 263 324 286 266 208 178 150 119 102 128 137 130 117 163 185 174 157 123 160 245 287 376 512 549 411 403 375 349 326 293 313 354 335 351 390 382 367 357 337 315 307 310 219 170 126 138 147 147 165 204 135 126 117 99 152 234 265 261 332 507 599 678 433 474 484 480 508 637 1252 1296 1280 1059 870 702
355 306 338 314 275 278 274 228 251 256 328 326 297 285 234 267 308 280 249 205 204 166 123 111 105 134 116 123 165 157 165 167 111 167 234 234 362 387 463 357 385 376 317 296 269 300 345 321 351 404 407 383 364 373 359 360 374 288 244 168 104 93 84 116 187 173 149 107 120 143 203 258 200 230 373 484 541 384 410 425 472 487 483 652 905 795 625 383 532
321 295 349 335 300 285 296 237 229 287 356 324 306 308 259 236 271 253 226 230 231 161 111 113 103 135 109 126 158 148 173 164 131 177 180 319 387 409 335 334 362 361 314 286 274 285 316 309 340 377 379 415 408 422 404 378 382 292 245 218 238 189 128 78 68 82 88 86 111 140 138 168 152 215 316 431 406 343 318 361 420 422 336 245 292 296 309 241 233
301 293 359 357 267 244 289 229 221 249 345 363 366 328 274 228 246 232 171 163 158 131 96 98 97 110 107 135 136 160 159 165 128 146 207 525 455 365 298 318 334 327 307 281 271 256 300 292 324 336 376 422 393 386 430 400 336 309 290 273 257 194 214 154 130 88 80 77 63 117 137 148 156 230 341 538 375 280 277 332 261 422 242 185 171 195 206 201 190
296 272 346 376 274 248 237 211 254 269 276 349 377 328 270 243 207 231 168 111 108 111 106 107 116 97 95 137 132 132 158 139 145 170 284 509 410 338 276 304 296 294 269 250 228 218 281 280 312 361 363 395 380 352 404 376 325 334 302 341 278 279 206 240 232 175 133 118 79 72 132 163 156 244 331 373 284 224 302 257 142 143 189 182 141 146 154 156 150
284 250 339 355 272 243 218 208 253 307 336 344 404 357 281 250 192 178 155 107 140 126 123 113 130 106 89 113 145 126 169 128 113 157 393 534 372 322 261 288 266 270 254 235 193 196 246 247 300 319 344 335 367 340 353 390 360 342 330 368 359 373 263 283 223 224 209 221 180 84 69 150 155 197 195 166 195 238 265 127 118 172 201 193 161 138 121 135 154
294 234 276 289 254 256 215 218 261 258 286 334 379 409 335 299 266 169 145 111 119 149 139 123 122 123 98 85 100 102 145 130 107 204 465 630 376 318 251 257 246 242 226 202 179 176 217 204 277 313 315 300 343 299 345 383 363 358 395 393 433 484 359 305 284 267 269 302 284 176 92 94 179 237 149 142 157 144 138 102 162 220 192 152 197 181 141 110 124
287 239 269 296 221 226 226 204 242 240 243 277 342 435 362 300 261 185 132 160 231 290 235 135 128 118 94 96 90 94 126 97 111 333 460 575 325 279 228 221 244 214 208 174 161 152 197 189 238 255 254 324 324 270 308 327 335 383 390 427 482 554 474 377 334 371 373 460 370 283 169 119 199 176 85 64 61 87 112 104 185 176 144 129 159 149 131 98 102
292 259 224 262 214 200 227 185 233 207 215 249 288 322 324 306 255 207 197 301 331 249 184 136 117 109 119 119 111 106 103 99 102 294 326 512 301 235 200 204 233 191 170 156 171 133 150 183 218 197 228 238 270 236 280 297 340 371 361 453 451 532 551 500 475 454 426 489 411 254 234 134 77 71 148 162 164 120 71 80 84 100 121 115 117 112 112 129 138
338 279 241 200 183 197 230 206 186 209 212 241 244 307 306 294 260 208 279 445 317 228 145 141 129 136 148 132 126 107 85 87 99 245 353 522 596 308 170 199 214 194 143 141 161 121 135 191 185 187 172 179 200 226 289 264 299 296 334 368 434 504 493 495 509 514 429 415 273 168 169 97 137 194 289 296 227 220 156 109 87 81 99 92 99 141 189 153 167
290 241 210 178 152 181 195 229 195 176 193 216 222 248 286 286 245 224 331 382 313 213 163 163 146 127 116 102 109 105 99 81 91 251 362 603 654 378 172 164 191 186 135 95 130 90 158 198 168 159 154 157 163 220 264 234 243 259 308 372 442 466 408 387 398 457 352 367 297 198 130 184 293 334 373 354 394 252 174 137 121 106 147 125 147 123 126 156 193
255 222 208 182 152 159 218 242 225 172 183 196 242 278 313 307 289 274 315 350 267 218 217 177 139 125 128 143 156 138 117 99 95 198 384 711 359 211 162 141 175 156 152 131 104 97 156 181 171 123 134 108 139 194 209 188 222 213 274 290 328 370 371 361 317 349 335 340 366 194 185 85 221 324 303 306 377 325 223 177 144 129 178 136 178 171 123 167 180
229 190 198 151 138 180 212 243 201 161 204 205 260 281 274 282 277 267 303 301 309 318 210 149 165 154 137 172 142 114 113 113 87 339 368 610 319 194 162 118 144 136 144 195 80 60 69 95 85 133 79 116 159 154 154 153 199 181 209 245 277 314 342 326 294 234 259 293 299 274 139 86 214 249 227 277 350 257 179 153 119 136 140 130 162 177 157 151 183
189 178 162 131 140 164 228 212 178 160 224 226 242 253 233 277 256 246 268 346 325 343 379 249 130 122 119 157 140 136 146 97 93 178 456 316 225 170 147 124 117 157 116 92 38 23 43 53 44 96 68 113 123 98 99 114 159 149 174 228 238 314 285 258 244 197 216 216 186 168 115 52 62 81 174 304 382 244 163 114 90 107 105 115 149 175 146 170 211
176 178 139 144 121 146 239 186 152 186 252 225 237 214 233 249 208 214 294 278 258 282 341 335 218 119 102 119 116 169 128 82 114 231 414 233 173 141 129 120 91 137 88 57 81 22 100 82 40 75 38 55 89 74 65 68 95 105 140 166 199 203 189 173 132 127 124 117 94 67 34 31 33 92 238 377 322 181 125 88 74 123 87 100 122 165 201 199 213
204 151 113 118 109 169 186 169 147 173 197 182 213 212 233 227 192 269 392 218 229 283 275 249 349 290 212 142 96 92 100 90 116 260 189 134 125 123 88 101 57 55 39 69 102 23 79 74 46 62 51 20 53 23 35 32 48 62 98 108 92 85 80 86 69 104 174 263 329 196 49 28 33 90 258 414 215 148 107 87 76 146 77 83 119 176 270 276 363
