02_Diversity_Structure_LD/map.asc
NCOLS 240 
NROWS 120 
XLLCORNER -20 
YLLCORNER 0 
CELLSIZE 0.166666666666667 
NODATA_value -32768 
[rows 0 to 39 of 120, columns 0 to 88 of 240]
-32768.000000000000000 -32768 -32768 -32768 -32768 -32768 -32768 -32768 -32768 -32768 -32768 -32768 -32768 -32768 -32768 -32768 -32768 -32768 -32768 -32768 -32768 1 5 19 40 45 52 63 86 97 113 114 94 121 145 132 102 112 213 205 229 262 295 355 411 461 417 366 311 295 303 328 362 360 365 372 379 387 394 398 402 402 401 393 397 395 386 375 368 364 360 355 355 349 344 340 340 337 332 328 323 317 316 313 312 311 307 305 303
-32768 -32768 -32768 -32768 -32768 -32768 -32768 -32768 -32768 -32768 -32768 -32768 -32768 -32768 -32768 -32768 -32768 -32768 -32768 -32768 -32768 2 10 22 29 37 50 66 76 70 94 83 86 121 163 149 107 99 103 168 244 212 240 322 337 364 307 304 314 268 285 310 339 339 354 369 379 388 397 400 400 402 400 393 385 390 384 374 372 365 359 352 355 347 344 341 341 339 332 329 324 321 319 318 316 314 312 310 308
-32768 -32768 -32768 -32768 -32768 -32768 -32768 -32768 -32768 -32768 -32768 -32768 -32768 -32768 -32768 -32768 -32768 -32768 -32768 -32768 0 8 7 15 24 41 55 57 55 56 72 72 97 112 135 135 115 88 80 102 117 143 184 266 212 244 258 248 269 233 270 316 316 336 358 373 386 394 400 401 400 396 396 392 384 382 384 378 368 362 364 356 351 347 345 343 340 339 335 331 326 324 321 320 319 318 316 312 310
-32768 -32768 -32768 -32768 -32768 -32768 -32768 -32768 -32768 -32768 -32768 -32768 -32768 -32768 -32768 -32768 -32768 -32768 -32768 -32768 2 7 12 18 30 36 39 37 39 45 51 66 78 87 101 96 89 72 82 122 96 79 198 157 133 137 156 204 211 233 291 283 322 351 368 382 400 402 406 402 399 393 392 390 386 377 379 376 368 361 364 357 348 345 345 343 341 337 333 331 327 328 324 323 322 320 318 316 312
-32768 -32768 -32768 -32768 -32768 -32768 -32768 -32768 -32768 -32768 -32768 -32768 -32768 -32768 -32768 -32768 -32768 -32768 -32768 -32768 -32768 7 14 15 19 19 22 23 26 32 38 48 59 68 89 69 71 86 108 103 93 77 124 107 137 162 173 178 182 242 234 281 346 371 392 408 418 416 411 406 399 393 389 387 383 378 375 372 366 361 360 352 347 345 345 344 340 336 334 331 330 330 328 325 324 322 320 317 314
-32768 -32768 -32768 -32768 -32768 -32768 -32768 -32768 -32768 -32768 -32768 -32768 -32768 -32768 -32768 -32768 -32768 -32768 -32768 -32768 -32768 -32768 6 6 1 2 1 6 14 23 31 39 44 50 62 71 86 101 99 76 74 102 131 111 94 157 179 158 189 194 249 344 391 415 428 435 437 428 417 410 402 393 385 381 379 378 371 369 367 363 353 350 346 345 344 343 341 338 335 332 332 329 329 327 325 323 320 317 314
-32768 -32768 -32768 -32768 -32768 -32768 -32768 -32768 -32768 -32768 -32768 -32768 -32768 -32768 -32768 -32768 -32768 -32768 -32768 -32768 -32768 -32768 5 1 -2 -2 0 5 14 23 29 34 41 46 48 63 70 80 92 76 95 106 106 90 126 131 137 142 190 260 336 380 426 418 442 458 453 435 427 419 403 392 383 378 376 374 369 363 361 355 349 347 346 345 345 343 341 340 338 337 335 332 329 327 325 322 320 316 313
-32768 -32768 -32768 -32768 -32768 -32768 -32768 -32768 -32768 -32768 -32768 -32768 -32768 -32768 -32768 -32768 -32768 -32768 -32768 -32768 -32768 -32768 -32768 0 -1 -1 1 6 12 20 30 35 39 43 43 43 56 71 95 90 95 93 91 96 121 135 138 193 286 321 379 439 463 456 467 464 469 445 409 388 366 364 380 376 371 371 369 358 346 344 352 345 344 345 344 343 343 342 340 341 339 335 331 327 323 320 318 315 312
-32768 -32768 -32768 -32768 -32768 -32768 -32768 -32768 -32768 -32768 -32768 -32768 -32768 -32768 -32768 -32768 -32768 -32768 -32768 -32768 -32768 -32768 -32768 1 -2 -1 0 7 12 23 29 34 33 34 41 43 46 61 85 83 84 84 92 94 126 121 198 273 342 381 421 427 468 498 499 494 469 420 410 364 318 312 337 373 365 362 361 348 330 309 338 340 341 340 338 336 336 336 337 336 336 334 330 325 321 317 314 312 310
-32768 -32768 -32768 -32768 -32768 -32768 -32768 -32768 -32768 -32768 -32768 -32768 -32768 -32768 -32768 -32768 -32768 -32768 -32768 -32768 -32768 -32768 -32768 3 -1 1 8 17 22 25 29 31 36 40 44 50 55 58 66 75 87 94 99 113 115 116 168 265 310 377 431 465 487 522 524 405 420 415 261 283 303 307 264 255 271 288 321 334 308 293 290 329 339 334 332 329 326 325 325 328 328 327 326 323 322 317 312 311 311
-32768 -32768 -32768 -32768 -32768 -32768 -32768 -32768 -32768 -32768 -32768 -32768 -32768 -32768 -32768 -32768 -32768 -32768 -32768 -32768 -32768 -32768 -32768 3 3 9 13 17 21 25 30 34 38 43 48 52 56 61 75 78 102 118 122 115 102 115 196 277 362 424 467 498 507 321 268 188 191 226 273 292 295 287 272 259 256 246 226 260 269 269 263 305 338 331 333 331 325 320 318 317 319 320 319 318 318 319 316 314 315
-32768 -32768 -32768 -32768 -32768 -32768 -32768 -32768 -32768 -32768 -32768 -32768 -32768 -32768 -32768 -32768 -32768 -32768 -32768 -32768 -32768 -32768 -32768 2 5 10 14 19 23 28 35 42 48 52 57 59 59 55 66 78 99 107 108 107 100 106 182 272 356 431 464 389 365 294 266 260 254 255 269 274 272 268 266 262 258 254 255 257 255 254 243 283 336 335 335 334 328 319 314 311 310 311 312 311 309 309 310 311 312
-32768 -32768 -32768 -32768 -32768 -32768 -32768 -32768 -32768 -32768 -32768 -32768 -32768 -32768 -32768 -32768 -32768 -32768 -32768 -32768 -32768 -32768 -32768 2 6 14 23 28 35 43 49 51 54 57 59 59 56 46 56 70 77 90 78 119 113 106 164 214 324 402 415 338 295 261 256 252 250 255 257 256 254 253 252 251 250 248 245 249 251 253 257 215 237 339 333 334 326 319 314 309 305 303 304 304 300 300 301 302 304
-32768 -32768 -32768 -32768 -32768 -32768 -32768 -32768 -32768 -32768 -32768 -32768 -32768 -32768 -32768 -32768 -32768 -32768 -32768 -32768 -32768 -32768 -32768 2 10 21 30 39 46 49 52 56 56 58 55 52 48 46 56 62 69 68 90 115 102 100 220 254 339 398 421 414 305 246 238 235 238 245 251 246 243 241 239 240 238 241 240 244 245 249 245 217 170 190 190 305 326 318 314 309 303 299 297 296 294 293 292 292 295
-32768 -32768 -32768 -32768 -32768 -32768 -32768 -32768 -32768 -32768 -32768 -32768 -32768 -32768 -32768 -32768 -32768 -32768 -32768 -32768 -32768 -32768 -32768 3 14 27 37 43 49 52 54 56 55 51 49 44 44 50 61 65 59 60 87 110 90 174 279 316 392 440 474 385 251 210 209 217 218 258 254 250 237 231 230 226 232 233 231 231 230 226 223 229 230 219 175 236 321 323 316 309 302 298 294 291 289 288 287 287 288
-32768 -32768 -32768 -32768 -32768 -32768 -32768 -32768 -32768 -32768 -32768 -32768 -32768 -32768 -32768 -32768 -32768 -32768 -32768 -32768 -32768 -32768 -32768 6 20 32 42 47 52 52 52 50 45 41 39 43 50 56 64 78 61 74 99 125 98 129 316 390 444 501 447 232 192 179 186 183 188 233 255 243 231 223 219 222 225 224 221 215 211 215 225 229 229 225 200 202 269 318 315 307 301 297 294 289 286 284 283 282 283
-32768 -32768 -32768 -32768 -32768 -32768 -32768 -32768 -32768 -32768 -32768 -32768 -32768 -32768 -32768 -32768 -32768 -32768 -32768 -32768 -32768 -32768 3 9 25 37 46 50 53 50 41 29 30 38 40 47 52 55 65 70 76 88 113 112 93 78 170 340 411 300 229 194 166 159 160 179 206 244 245 244 239 227 212 214 216 214 210 202 208 215 220 225 228 231 233 227 229 262 307 305 302 298 293 289 285 283 280 279 280
-32768 -32768 -32768 -32768 -32768 -32768 -32768 -32768 -32768 -32768 -32768 -32768 -32768 -32768 -32768 -32768 -32768 -32768 -32768 -32768 -32768 -32768 2 14 27 37 44 46 45 35 29 39 43 48 52 43 43 59 59 79 87 100 96 92 83 84 205 211 250 238 203 171 159 146 170 217 236 297 281 274 255 229 209 205 206 203 199 196 206 211 220 228 234 233 227 214 279 336 325 317 312 302 294 288 284 282 279 276 276
-32768 -32768 -32768 -32768 -32768 -32768 -32768 -32768 -32768 -32768 -32768 -32768 -32768 -32768 -32768 -32768 -32768 -32768 -32768 -32768 -32768 6 6 17 24 30 30 25 14 21 27 30 30 38 41 44 44 58 75 85 96 88 76 72 93 96 120 277 226 246 195 151 157 137 218 242 286 363 327 300 259 226 208 198 194 191 188 192 200 210 219 228 232 223 198 212 351 362 350 332 317 307 298 290 284 279 276 273 271
-32768 -32768 -32768 -32768 -32768 -32768 -32768 -32768 -32768 -32768 -32768 -32768 -32768 -32768 -32768 -32768 -32768 -32768 -32768 -32768 -32768 2 6 15 20 22 17 9 13 15 14 15 15 17 33 41 47 66 67 81 105 76 51 52 68 92 72 213 326 233 159 150 144 128 211 239 285 380 367 281 260 253 232 189 181 182 184 196 202 210 218 222 218 192 184 209 351 384 357 337 322 308 297 290 283 276 272 270 269
-32768 -32768 -32768 -32768 -32768 -32768 -32768 -32768 -32768 -32768 -32768 -32768 -32768 -32768 -32768 -32768 -32768 -32768 -32768 -32768 -32768 2 4 7 11 10 7 9 9 8 8 10 10 10 14 36 45 55 63 82 99 84 55 38 63 66 73 142 296 261 161 140 129 127 165 199 227 240 320 229 216 203 215 191 191 195 200 194 204 206 207 197 192 188 192 210 304 392 377 349 323 308 295 286 281 275 270 267 267
-32768 -32768 -32768 -32768 -32768 -32768 -32768 -32768 -32768 -32768 -32768 -32768 -32768 -32768 -32768 -32768 -32768 -32768 -32768 -32768 -32768 3 3 4 5 7 17 23 28 32 33 32 27 20 11 16 40 39 59 73 94 59 39 40 74 57 67 77 232 225 137 124 123 129 191 281 281 232 199 198 185 171 188 177 190 202 209 203 195 199 199 198 195 202 196 212 243 304 357 347 323 300 289 282 276 272 270 270 270
-32768 -32768 -32768 -32768 -32768 -32768 -32768 -32768 -32768 -32768 -32768 -32768 -32768 -32768 -32768 -32768 -32768 -32768 -32768 -32768 7 5 6 5 7 15 24 29 37 41 44 46 41 35 28 17 16 24 53 40 46 25 26 46 51 50 63 74 281 313 150 130 146 159 172 269 270 241 200 175 183 180 173 173 179 189 196 202 202 202 206 215 207 209 211 223 245 282 292 334 318 296 288 282 277 272 272 274 275
-32768 -32768 -32768 -32768 -32768 -32768 -32768 -32768 -32768 -32768 -32768 -32768 -32768 -32768 -32768 -32768 -32768 -32768 -32768 -32768 3 4 7 11 11 25 30 35 43 48 50 52 52 48 41 36 24 18 15 17 40 62 32 40 44 76 76 81 248 285 138 132 151 170 183 281 280 219 188 181 171 170 171 179 182 192 204 210 212 211 216 224 232 229 224 245 271 290 296 319 315 302 303 289 283 276 293 279 294
-32768 -32768 -32768 -32768 -32768 -32768 -32768 -32768 -32768 -32768 -32768 -32768 -32768 -32768 -32768 -32768 -32768 -32768 -32768 -32768 3 8 15 19 16 24 39 42 46 48 50 52 53 56 57 56 56 59 41 19 46 70 64 64 63 77 88 105 226 160 103 106 157 204 267 303 228 180 164 164 161 167 179 188 189 198 214 224 228 221 231 239 245 247 263 262 275 282 291 291 306 316 313 289 274 299 293 298 319
-32768 -32768 -32768 -32768 -32768 -32768 -32768 -32768 -32768 -32768 -32768 -32768 -32768 -32768 -32768 -32768 -32768 -32768 -32768 -32768 11 26 30 31 34 34 28 39 47 48 51 50 45 46 54 58 64 71 72 36 26 52 59 63 55 56 62 106 285 182 94 109 183 259 249 239 188 163 178 172 171 174 181 203 205 204 212 231 241 232 236 253 272 285 289 277 269 267 267 277 282 309 318 309 289 272 302 325 325
-32768 -32768 -32768 -32768 -32768 -32768 -32768 -32768 -32768 -32768 -32768 -32768 -32768 -32768 -32768 -32768 -32768 -32768 -32768 11 23 39 39 42 48 47 37 37 38 48 40 40 48 53 56 61 66 72 76 55 20 32 51 35 36 47 87 106 168 101 83 125 181 267 209 181 168 170 185 182 184 186 193 194 225 217 234 247 253 255 257 274 288 293 283 278 268 265 258 264 296 312 321 303 291 279 273 286 277
-32768 -32768 -32768 -32768 -32768 -32768 -32768 -32768 -32768 -32768 -32768 -32768 -32768 -32768 -32768 -32768 -32768 -32768 -32768 20 41 43 44 49 51 54 47 42 41 29 41 47 51 50 58 61 64 70 68 71 60 24 20 38 53 70 77 96 125 83 81 127 197 234 206 160 152 162 199 226 222 197 205 212 242 243 251 259 273 284 287 297 291 285 276 276 270 274 271 273 288 311 317 314 305 294 280 270 267
-32768 -32768 -32768 -32768 -32768 -32768 -32768 -32768 -32768 -32768 -32768 -32768 -32768 -32768 -32768 -32768 -32768 -32768 15 37 46 39 40 47 50 56 49 44 50 43 32 31 40 42 44 46 47 54 71 73 76 60 30 37 41 54 73 101 94 79 115 151 147 188 159 127 117 242 265 288 287 248 247 244 303 291 287 290 303 303 297 289 291 277 276 282 272 277 284 299 281 301 324 329 311 288 275 266 270
-32768 -32768 -32768 -32768 -32768 -32768 -32768 -32768 -32768 -32768 -32768 -32768 -32768 -32768 -32768 -32768 -32768 10 32 49 37 33 38 47 51 56 56 52 49 52 51 45 38 49 54 57 62 63 56 74 79 87 65 33 29 52 62 90 75 70 86 158 141 121 82 85 124 223 232 261 286 277 287 285 300 311 323 306 299 300 295 282 280 278 276 281 276 272 285 293 288 304 321 316 304 291 275 274 274
-32768 -32768 -32768 -32768 -32768 -32768 -32768 -32768 -32768 -32768 -32768 -32768 -32768 -32768 -32768 -32768 6 15 69 35 30 34 39 43 48 52 47 48 51 50 50 50 40 46 49 54 57 64 64 60 72 83 83 74 54 42 50 66 61 55 81 122 135 75 80 100 210 260 228 254 257 254 268 276 296 300 305 285 287 295 284 276 272 267 269 271 274 271 280 283 282 293 291 287 289 280 275 273 272
-32768 -32768 -32768 -32768 -32768 -32768 -32768 -32768 -32768 -32768 -32768 -32768 -32768 -32768 14 13 17 41 70 26 23 30 27 28 32 37 40 45 48 52 52 51 52 47 47 53 58 59 62 69 68 70 83 93 84 51 36 35 44 63 84 98 118 64 78 194 256 297 286 286 275 270 272 303 299 300 289 271 293 280 278 264 281 280 279 285 290 288 283 282 286 292 277 275 275 276 276 275 272
-32768 -32768 -32768 -32768 -32768 -32768 -32768 -32768 -32768 -32768 -32768 -32768 -32768 -32768 -32768 16 7 33 27 23 13 16 17 29 33 35 39 47 49 40 45 50 52 50 50 50 53 56 64 66 72 79 84 90 105 91 53 50 45 43 49 71 66 62 83 143 247 286 314 321 253 255 305 299 280 277 272 259 270 263 271 283 282 293 299 311 318 303 286 285 278 278 275 277 278 277 276 275 273
-32768 -32768 -32768 -32768 -32768 -32768 -32768 -32768 -32768 -32768 -32768 -32768 -32768 -32768 -32768 -32768 -32768 10 13 17 8 7 17 29 33 33 44 48 36 42 48 44 46 48 48 52 55 57 60 63 69 70 81 84 102 90 46 60 74 82 98 73 58 66 141 275 231 267 309 300 248 288 297 324 283 261 249 269 290 311 327 314 287 308 318 331 320 324 291 298 278 280 280 280 279 277 277 275 274
-32768 -32768 -32768 -32768 -32768 -32768 -32768 -32768 -32768 -32768 -32768 -32768 -32768 -32768 -32768 -32768 -32768 -32768 13 10 3 3 12 19 26 27 38 33 32 37 41 48 50 52 52 53 50 52 56 59 60 63 79 75 94 91 53 70 101 160 199 210 72 96 166 291 283 301 326 234 234 275 280 313 278 261 255 263 304 340 352 339 342 329 364 350 349 312 290 292 283 280 283 280 280 279 278 276 276
-32768 -32768 -32768 -32768 -32768 -32768 -32768 -32768 -32768 -32768 -32768 -32768 -32768 -32768 -32768 -32768 -32768 -32768 5 5 2 5 6 8 15 19 23 39 38 47 49 44 46 48 47 50 43 49 52 49 56 71 78 69 90 107 68 84 115 148 236 217 109 142 179 245 313 341 355 205 243 255 265 293 260 254 252 267 294 320 350 371 402 380 398 374 335 303 296 294 298 285 290 281 281 280 279 279 277
-32768 -32768 -32768 -32768 -32768 -32768 -32768 -32768 -32768 -32768 -32768 -32768 -32768 -32768 -32768 -32768 -32768 -32768 -32768 3 4 7 17 20 23 31 28 32 43 46 33 40 44 46 49 41 45 45 42 50 64 64 58 66 83 109 78 74 101 129 206 203 153 157 133 164 319 376 337 190 247 236 269 239 255 273 266 287 291 309 367 404 415 406 355 330 315 328 318 303 299 291 285 284 283 281 279 278 277
-32768 -32768 -32768 -32768 -32768 -32768 -32768 -32768 -32768 -32768 -32768 -32768 -32768 -32768 -32768 -32768 -32768 -32768 -32768 3 4 25 25 29 37 26 28 40 30 17 30 42 44 48 40 31 35 43 53 58 59 56 68 77 91 124 87 69 129 154 152 238 211 156 116 129 239 227 255 173 209 238 240 249 268 303 284 330 312 322 353 429 434 380 364 354 352 340 321 304 295 287 285 286 284 281 279 277 276
-32768 -32768 -32768 -32768 -32768 -32768 -32768 -32768 -32768 -32768 -32768 -32768 -32768 -32768 -32768 -32768 -32768 -32768 -32768 2 4 29 29 18 26 17 25 19 15 23 18 27 35 33 35 44 39 44 47 59 53 64 75 72 103 124 89 110 107 128 149 246 266 201 140 127 157 223 252 175 192 241 276 305 334 316 349 360 317 344 395 420 399 397 403 381 361 336 319 299 290 290 289 287 282 280 279 278 276
-32768 -32768 -32768 -32768 -32768 -32768 -32768 -32768 -32768 -32768 -32768 -32768 -32768 -32768 -32768 -32768 -32768 -32768 -32768 17 10 21 12 14 16 22 26 26 32 43 35 41 28 29 33 26 29 30 48 43 50 51 57 90 102 127 106 132 97 116 116 147 320 218 153 135 195 222 318 231 252 259 318 340 332 347 375 379 350 319 341 417 417 384 388 346 320 306 296 296 292 292 292 285 282 281 280 278 277
