02_Diversity_Structure_LD/map.asc
NCOLS 240 
NROWS 120 
XLLCORNER -20 
YLLCORNER 0 
CELLSIZE 0.166666666666667 
NODATA_value -32768 
[rows 0 to 39 of 120, columns 89 to 177 of 240]
302 299 297 295 293 292 289 287 286 283 279 281 285 287 291 295 298 291 277 310 330 342 353 333 292 316 351 381 395 366 388 432 399 386 401 448 452 487 527 568 593 621 638 666 711 739 732 689 663 603 581 592 545 533 556 554 492 531 507 477 515 500 453 468 468 473 468 460 434 428 431 443 472 490 490 510 524 569 661 662 774 856 1111 1040 876 793 730 676 626
306 304 300 297 295 291 288 285 283 281 280 279 281 284 287 289 289 286 285 288 307 320 343 317 302 294 333 394 413 394 409 428 411 390 398 427 453 487 564 593 610 613 634 662 675 696 698 649 634 595 557 553 511 507 513 503 507 489 507 484 460 486 463 434 464 444 435 420 419 422 438 439 453 481 499 481 521 554 605 670 667 730 829 963 865 775 740 681 631
308 306 302 298 294 289 285 283 281 278 277 276 277 279 280 282 282 283 291 295 310 319 332 322 312 302 362 422 401 402 445 410 399 387 390 416 446 542 635 616 624 636 633 653 673 700 666 625 604 572 528 511 500 482 486 486 470 460 468 449 444 429 432 425 447 420 414 413 411 414 427 429 439 457 470 500 504 548 578 601 675 749 807 887 806 730 708 682 639
310 307 303 297 293 288 285 281 279 275 270 267 268 271 275 278 283 289 297 305 308 329 325 313 317 327 351 388 381 424 444 396 379 375 383 413 449 524 575 606 613 628 647 664 684 679 612 603 574 538 518 489 474 473 470 448 443 432 429 419 410 408 408 404 407 401 389 411 405 408 425 417 425 427 451 468 511 534 578 653 677 719 775 883 813 731 673 666 639
310 306 301 297 293 288 282 278 277 272 269 267 266 269 272 274 280 288 304 309 314 316 329 338 344 347 355 369 422 440 411 386 368 364 371 410 459 514 581 600 601 585 622 636 645 660 597 564 527 509 504 477 485 488 469 449 446 449 422 430 416 408 417 394 392 386 384 405 398 406 411 407 411 420 433 457 496 528 583 608 655 717 1020 1334 1011 763 732 647 612
309 305 301 298 293 286 280 278 275 274 273 272 270 269 273 276 283 295 301 299 306 328 340 331 341 336 377 398 406 412 396 382 374 365 361 397 439 500 548 546 550 545 596 609 629 658 591 537 504 493 488 475 460 458 445 425 423 413 394 400 394 392 387 384 387 378 373 381 391 401 400 399 406 417 429 444 483 524 572 609 640 687 1313 1551 1091 960 804 671 625
308 305 302 297 291 286 283 280 277 275 275 273 272 270 273 277 278 282 281 289 311 328 336 330 354 381 406 417 414 409 391 379 383 384 352 380 438 545 498 508 514 520 563 578 613 646 570 520 500 473 482 468 453 443 431 418 416 392 382 386 383 380 372 367 376 377 367 375 384 392 394 392 400 410 420 430 462 511 568 596 623 714 937 1218 1209 1314 894 885 719
308 305 302 298 293 289 287 283 280 277 276 275 274 275 277 275 275 276 284 292 306 321 336 350 367 373 387 412 437 409 378 397 389 368 349 378 413 438 460 482 511 526 549 563 584 572 532 495 484 473 459 444 445 431 417 396 404 386 383 380 374 376 363 357 371 370 364 374 378 389 382 387 401 421 424 428 448 485 574 590 788 811 844 1008 957 923 850 1046 848
307 305 302 299 297 294 290 287 283 281 280 279 277 277 276 272 268 274 294 306 309 319 327 350 367 381 383 404 413 379 372 399 391 360 345 370 392 423 469 496 501 516 526 526 550 540 516 467 467 467 447 428 429 418 406 394 387 378 373 380 377 370 358 352 365 359 356 366 374 382 379 387 395 404 417 437 454 492 555 587 657 695 752 913 897 973 938 975 997
313 312 309 305 300 299 293 289 285 282 280 278 275 273 273 273 273 280 297 297 298 307 311 323 345 347 363 380 376 360 368 404 373 336 341 357 383 429 483 466 474 481 496 512 527 503 470 457 450 445 437 423 401 384 373 387 376 379 369 395 368 358 356 347 360 357 364 367 381 373 380 387 390 397 408 465 478 503 584 612 646 696 767 900 1110 989 813 743 893
317 317 316 313 306 301 296 290 285 282 279 277 278 278 278 278 280 285 294 297 302 307 312 320 328 348 353 364 356 345 356 384 364 338 335 355 373 395 407 428 444 463 482 503 481 485 459 439 428 419 416 398 386 373 362 373 362 374 365 363 370 357 347 352 355 351 359 366 367 368 372 379 384 393 410 441 493 506 583 620 700 765 903 1095 1052 951 819 688 666
313 314 315 313 307 301 295 290 285 282 281 279 278 280 278 277 276 289 297 297 300 303 306 308 316 326 337 347 359 342 343 374 351 331 330 341 361 377 396 433 439 459 474 474 458 436 442 426 409 398 394 404 386 360 356 354 362 360 352 344 351 355 357 340 348 352 355 357 361 366 373 379 394 403 420 441 478 505 575 599 645 760 839 1195 1156 874 739 693 607
308 309 311 310 304 298 293 289 285 281 279 278 277 279 277 277 276 282 291 292 294 297 297 305 314 315 320 328 329 339 331 362 339 316 327 348 357 383 402 427 431 446 443 436 436 427 406 398 382 381 379 387 368 347 348 343 345 353 351 350 341 337 344 351 355 351 355 358 375 375 369 376 390 403 416 427 459 497 556 609 739 925 955 1301 1080 941 780 666 606
298 303 305 303 299 294 289 285 281 278 277 277 276 276 277 278 279 284 287 290 291 292 295 303 308 309 308 317 320 334 309 336 317 319 329 351 365 378 392 401 416 425 412 414 405 391 379 377 373 375 365 365 348 359 354 347 338 344 348 335 325 333 342 371 377 367 353 363 361 377 380 380 391 403 416 429 452 506 546 607 718 1004 1288 1638 1002 896 844 760 676
291 296 297 296 293 289 286 283 280 277 275 276 275 274 272 276 279 280 281 282 283 284 287 293 296 293 302 317 322 313 315 314 315 332 320 337 356 381 392 400 410 406 395 383 375 370 362 369 364 375 376 361 349 355 343 345 338 336 320 321 333 344 362 365 372 364 360 369 362 366 371 376 384 394 413 433 453 490 526 620 741 854 969 1116 872 815 773 696 660
286 289 291 290 288 286 284 282 280 277 276 275 274 267 271 273 274 275 275 276 277 278 281 285 288 289 294 309 302 306 302 311 315 317 314 326 350 366 379 402 408 391 384 365 365 355 351 352 365 378 381 369 355 340 333 342 325 316 331 335 350 359 351 357 379 364 365 369 367 367 377 390 384 388 401 415 443 490 552 628 752 799 812 777 780 744 710 647 615
281 283 284 285 285 284 283 281 279 278 277 274 271 269 270 270 271 270 271 272 273 274 276 281 285 282 291 304 291 285 324 314 305 316 314 311 332 348 366 383 396 386 366 358 346 341 345 361 368 387 396 370 353 346 337 317 308 328 336 341 351 355 358 366 374 376 371 379 372 371 395 416 397 395 395 413 447 508 578 657 685 782 833 699 684 666 642 593 576
277 278 278 279 280 281 281 279 278 280 281 275 268 269 267 266 267 266 267 267 267 267 268 269 272 278 284 288 281 294 314 310 289 305 308 310 319 343 363 367 381 388 374 344 328 324 356 406 428 407 380 368 349 327 316 303 317 330 342 350 361 364 371 380 385 389 386 390 391 391 405 423 420 408 399 411 434 478 531 563 587 612 615 624 632 610 596 580 583
272 273 273 273 275 276 275 272 280 297 290 274 268 267 266 266 266 266 266 264 265 265 264 280 282 280 279 274 265 273 303 295 278 289 316 309 318 329 333 353 362 405 361 340 314 327 391 409 410 385 376 346 333 308 297 315 345 347 350 351 367 373 376 383 388 397 399 394 418 420 428 467 448 432 417 409 433 462 482 497 491 513 559 578 570 556 544 553 550
268 267 270 271 271 269 260 256 274 289 276 269 267 266 265 264 264 267 267 262 280 269 274 294 305 302 304 297 277 261 289 280 269 277 299 306 310 319 325 332 355 389 363 331 313 325 388 406 380 348 363 340 303 305 329 345 343 347 343 355 366 374 381 387 384 403 420 405 427 457 486 515 517 470 439 418 430 449 455 462 477 549 546 521 516 517 510 554 540
266 266 269 270 268 266 262 274 296 291 266 265 265 266 265 267 267 268 269 277 278 283 274 296 307 326 327 302 298 265 264 276 269 277 298 320 327 326 325 343 361 372 367 330 306 333 376 363 398 343 325 314 285 312 337 336 334 338 340 354 363 372 382 390 395 406 419 412 429 438 473 510 504 506 456 428 431 433 440 450 472 464 497 490 492 498 538 552 526
274 279 287 281 282 258 274 288 284 269 265 265 267 268 268 269 268 271 277 304 294 298 282 281 321 340 347 325 309 297 261 265 273 284 292 304 306 305 328 337 354 360 382 331 318 367 361 340 379 337 311 288 308 344 339 329 332 334 343 358 371 382 393 402 408 416 424 436 428 450 464 480 495 495 494 472 472 487 493 485 459 498 501 488 500 541 558 548 543
287 312 301 295 281 275 279 274 287 270 266 266 267 268 270 271 274 277 296 294 305 311 302 282 313 325 328 320 308 296 268 269 278 286 285 288 297 310 330 326 351 348 359 319 299 339 341 335 352 327 292 287 354 348 337 324 331 337 346 360 377 391 404 415 427 430 453 465 455 465 480 500 524 524 527 528 514 508 508 522 525 514 504 513 544 549 549 543 516
301 313 312 283 271 279 310 280 266 266 267 267 267 268 268 275 278 283 307 293 318 329 312 294 299 309 317 318 314 288 294 269 277 276 278 292 318 324 325 320 331 329 340 329 297 311 315 320 336 322 290 275 323 339 329 314 316 325 339 371 400 403 405 426 432 438 455 462 455 468 490 502 517 532 524 515 519 529 533 533 538 506 513 523 542 538 532 511 487
331 293 277 286 285 283 266 265 266 266 268 268 267 266 269 292 295 290 309 311 334 327 315 296 318 319 342 321 305 303 300 288 266 273 277 294 309 312 321 315 310 327 330 341 310 288 299 310 301 321 292 274 310 314 313 319 325 322 335 373 394 383 397 415 429 437 457 473 477 479 502 503 512 508 520 531 527 518 509 505 517 512 516 534 526 517 503 483 471
297 274 268 267 266 265 265 264 265 266 266 271 274 273 281 289 304 305 320 330 329 324 302 304 304 345 332 304 309 309 316 299 277 261 274 282 294 303 312 298 309 322 329 342 321 295 279 298 287 302 292 279 299 293 296 324 332 330 341 380 380 391 454 439 442 449 458 472 474 462 495 506 504 514 529 506 499 494 491 503 509 516 516 507 496 498 472 467 464
270 267 265 265 265 265 265 264 264 266 267 268 272 276 277 288 304 304 307 311 317 308 312 318 313 305 313 301 289 293 291 285 288 267 260 276 284 307 298 293 319 328 308 318 315 296 272 294 299 288 285 274 288 289 303 316 324 344 348 353 380 438 492 507 494 493 493 477 482 455 476 480 502 494 495 484 479 494 490 507 509 509 504 488 486 478 468 459 454
267 267 267 266 265 264 264 263 269 275 267 265 277 293 284 290 295 301 299 307 320 322 306 297 287 282 302 309 303 282 282 275 271 291 274 255 272 298 290 292 319 314 297 291 294 293 269 288 290 274 278 261 275 296 297 304 322 340 346 349 364 414 464 462 521 497 480 450 457 462 461 455 474 463 471 477 491 503 492 496 498 492 486 475 486 488 475 465 454
269 268 267 266 264 261 261 267 299 323 285 272 273 288 364 362 366 292 293 302 319 299 293 286 288 272 269 278 292 298 277 277 272 272 269 251 275 280 282 282 317 302 290 274 282 296 267 272 279 264 282 251 267 277 286 291 306 317 343 350 347 402 445 434 470 450 441 444 464 476 465 451 460 450 467 463 485 478 485 481 477 468 469 483 484 488 481 470 457
271 270 267 265 263 263 263 265 311 296 311 356 312 410 481 348 317 316 317 291 298 286 285 273 267 262 261 258 264 278 279 282 266 277 260 260 280 276 258 283 295 282 284 271 286 289 273 257 293 264 276 247 255 273 275 280 303 315 331 345 340 366 415 425 430 438 453 482 506 493 466 439 431 439 444 456 465 458 459 459 454 464 480 492 505 502 482 472 473
270 270 268 266 264 264 265 271 304 306 477 592 485 379 296 278 279 280 277 277 278 282 272 265 264 266 266 267 277 265 262 253 261 285 267 247 260 260 269 274 300 277 273 271 279 310 283 253 289 282 259 240 258 265 272 281 300 314 311 329 367 354 381 431 440 469 504 571 570 473 432 416 418 424 429 429 436 435 441 455 463 464 482 513 524 500 490 484 476
270 270 268 267 265 266 266 284 424 511 558 589 523 348 296 287 285 283 277 272 270 267 267 267 271 281 296 303 292 281 272 273 260 260 253 243 235 242 247 273 288 291 263 272 264 308 278 257 278 287 253 242 254 265 272 292 297 305 307 318 346 356 363 387 397 429 436 490 461 412 400 394 407 401 402 415 423 440 441 442 448 470 480 503 491 488 488 480 475
272 270 268 267 266 267 271 292 373 469 535 506 322 300 285 279 275 274 274 275 276 284 281 296 288 298 320 326 306 291 285 285 266 273 267 254 245 225 238 272 278 282 250 268 266 284 278 249 297 268 254 238 261 264 279 280 289 298 310 313 316 327 328 376 415 484 541 465 400 366 373 388 398 408 426 438 434 427 430 442 453 482 485 476 472 474 483 487 482
274 272 269 267 268 267 279 323 377 428 489 342 284 273 266 268 275 282 284 297 297 307 289 301 300 325 330 311 291 280 274 268 264 282 285 278 262 232 225 266 255 272 255 252 253 282 268 250 277 268 250 232 257 268 277 293 297 290 294 298 296 308 313 346 400 455 465 427 356 374 403 415 419 416 423 437 450 445 440 443 454 450 458 462 470 476 489 495 489
275 274 271 269 269 268 281 359 421 466 373 280 271 266 265 274 289 317 301 312 307 297 300 299 306 320 318 308 293 285 278 268 287 299 283 274 257 242 228 225 242 274 248 250 247 274 257 261 269 269 246 232 259 280 274 282 279 278 279 284 293 302 299 335 393 405 430 353 370 406 404 389 388 398 408 416 431 442 445 445 442 450 452 464 468 493 504 481 469
275 273 270 268 271 270 317 401 413 320 280 265 260 264 272 287 303 323 333 325 308 302 311 311 315 318 310 309 290 283 276 281 292 274 262 262 261 265 260 224 232 267 253 257 242 252 249 252 259 250 232 241 266 290 266 277 280 269 280 292 292 305 301 327 350 384 346 343 375 369 373 363 377 388 402 409 407 409 419 419 435 455 467 464 472 480 512 461 440
274 273 272 270 271 288 341 409 389 294 271 262 261 266 280 316 325 339 335 337 337 329 328 317 311 299 298 310 292 295 304 300 294 285 273 261 249 256 235 225 212 263 255 250 237 261 244 257 231 230 246 266 268 286 265 267 281 284 278 270 284 306 286 303 328 389 323 340 335 334 342 359 362 366 374 385 392 395 411 423 438 451 472 488 477 453 457 452 431
275 273 271 273 275 290 324 420 366 277 260 258 263 270 295 326 353 336 331 331 345 333 331 323 310 301 293 302 295 292 316 288 295 287 268 268 284 251 251 229 218 224 257 243 238 252 237 253 218 244 254 249 266 275 263 280 283 264 268 281 280 286 277 311 341 336 302 305 311 327 343 353 363 384 395 400 417 418 410 420 443 450 466 469 451 438 417 458 420
275 274 275 278 290 324 349 420 290 260 257 261 265 279 298 321 333 329 320 336 345 326 332 334 310 301 298 300 279 280 286 291 275 270 278 282 271 287 255 222 246 245 228 224 234 251 240 246 218 236 244 257 262 266 266 254 256 262 275 265 267 306 280 308 335 301 290 300 306 319 334 341 347 363 398 411 424 432 413 419 459 440 455 444 431 421 414 423 406
277 276 284 291 295 351 393 313 273 258 257 263 268 293 310 329 342 332 321 336 354 327 326 329 320 312 305 305 294 286 270 281 278 274 263 256 257 262 240 262 256 256 261 241 209 236 252 230 208 229 247 251 252 257 262 232 261 275 258 255 266 284 273 294 295 303 314 322 330 324 346 377 384 370 401 427 444 446 425 431 469 471 441 424 414 399 405 393 379
