02_Diversity_Structure_LD/map.asc
NCOLS 240 
NROWS 120 
XLLCORNER -20 
YLLCORNER 0 
CELLSIZE 0.166666666666667 
NODATA_value -32768 
[rows 40 to 79 of 120, columns 0 to 88 of 240]
-32768 -32768 -32768 -32768 -32768 -32768 -32768 -32768 -32768 -32768 -32768 -32768 -32768 -32768 -32768 -32768 -32768 -32768 -32768 18 20 12 17 20 26 28 35 43 42 43 49 46 49 45 45 51 50 54 40 40 53 64 72 106 113 113 128 170 122 113 114 137 201 269 195 147 201 247 292 332 329 303 316 351 334 362 400 429 341 340 375 377 402 369 345 333 307 298 300 296 294 299 297 284 283 282 280 281 279
-32768 -32768 -32768 -32768 -32768 -32768 -32768 -32768 -32768 -32768 -32768 -32768 -32768 -32768 -32768 -32768 -32768 -32768 -32768 11 19 27 24 33 34 35 33 32 34 45 47 50 47 50 54 42 61 63 39 50 42 60 72 90 112 110 146 199 155 136 140 121 165 347 218 184 314 277 237 314 321 304 342 350 344 382 436 426 348 364 405 418 393 361 336 318 317 328 327 315 304 296 288 286 297 293 285 298 295
-32768 -32768 -32768 -32768 -32768 -32768 -32768 -32768 -32768 -32768 -32768 -32768 -32768 -32768 -32768 -32768 -32768 -32768 -32768 6 5 12 26 31 19 26 35 36 37 45 34 39 47 56 54 45 54 62 63 58 57 65 89 112 137 142 146 181 167 161 162 130 161 389 290 249 273 306 247 278 320 306 305 350 349 399 441 385 353 388 451 414 366 363 345 345 379 379 353 337 326 309 308 318 312 303 293 297 289
-32768 -32768 -32768 -32768 -32768 -32768 -32768 -32768 -32768 -32768 -32768 -32768 -32768 -32768 -32768 -32768 -32768 -32768 -32768 3 3 15 20 21 26 36 28 29 39 36 47 46 51 52 42 54 60 62 68 50 80 66 77 82 88 139 125 145 153 176 158 139 175 414 349 271 300 349 253 272 311 343 329 312 350 380 459 448 382 433 447 447 398 361 323 373 353 335 330 337 316 299 302 314 322 321 299 313 300
-32768 -32768 -32768 -32768 -32768 -32768 -32768 -32768 -32768 -32768 -32768 -32768 -32768 -32768 -32768 -32768 -32768 -32768 -32768 4 7 6 9 16 17 18 19 37 43 38 49 51 54 39 48 52 66 73 77 98 61 77 124 111 88 167 151 137 150 179 169 146 169 201 250 315 385 377 293 334 311 387 353 337 344 377 486 473 468 498 507 398 350 346 340 354 341 317 312 299 300 300 302 327 352 335 323 327 313
-32768 -32768 -32768 -32768 -32768 -32768 -32768 -32768 -32768 -32768 -32768 -32768 -32768 -32768 -32768 -32768 -32768 -32768 -32768 7 13 9 19 20 27 31 23 22 24 32 40 46 36 44 58 66 70 69 100 100 69 89 150 136 173 203 227 287 294 230 238 198 189 185 226 418 461 315 323 435 425 468 391 332 363 388 513 564 471 470 426 344 371 366 351 349 334 325 330 323 302 312 305 313 348 364 384 357 340
-32768 -32768 -32768 -32768 -32768 -32768 -32768 -32768 -32768 -32768 -32768 -32768 -32768 -32768 -32768 -32768 -32768 -32768 -32768 -32768 9 6 7 14 13 12 22 31 34 38 32 36 42 57 60 74 68 69 79 81 80 108 175 213 314 482 343 230 375 291 361 372 358 210 233 464 505 330 321 444 428 437 443 349 335 330 388 542 390 367 344 348 369 361 364 347 344 330 344 326 311 303 336 329 305 328 346 380 387
-32768 -32768 -32768 -32768 -32768 -32768 -32768 -32768 -32768 -32768 -32768 -32768 -32768 -32768 -32768 -32768 -32768 -32768 -32768 -32768 -32768 4 10 13 16 14 18 18 21 28 22 29 39 48 62 68 70 84 119 87 85 133 202 280 583 723 945 340 343 428 496 469 510 321 318 528 364 372 445 416 439 521 515 410 353 345 339 356 372 364 350 359 371 364 349 352 358 331 339 338 316 319 315 359 345 305 317 324 338
-32768 -32768 -32768 -32768 -32768 -32768 -32768 -32768 -32768 -32768 -32768 -32768 -32768 -32768 -32768 -32768 -32768 -32768 -32768 -32768 -32768 -32768 9 14 9 11 16 11 9 13 29 43 58 65 66 89 96 98 175 111 99 142 240 269 496 795 805 457 493 412 574 537 473 587 515 555 396 431 513 503 498 619 505 335 346 370 368 369 373 349 355 373 369 355 348 367 350 342 349 360 341 315 330 338 395 348 321 315 313
-32768 -32768 -32768 -32768 -32768 -32768 -32768 -32768 -32768 -32768 -32768 -32768 -32768 -32768 -32768 -32768 -32768 -32768 -32768 -32768 -32768 -32768 -32768 10 8 11 7 12 20 22 23 41 61 68 72 100 119 139 207 191 144 147 207 252 487 619 763 815 625 555 501 539 599 607 633 441 570 464 418 459 569 463 376 351 369 410 394 382 354 362 360 370 381 363 356 355 342 352 345 336 340 326 345 346 349 352 324 328 328
-32768 -32768 -32768 -32768 -32768 -32768 -32768 -32768 -32768 -32768 -32768 -32768 -32768 -32768 -32768 -32768 -32768 -32768 -32768 -32768 -32768 20 18 10 11 2 12 15 16 24 36 49 58 60 100 109 147 199 242 286 155 207 545 456 693 835 760 743 709 644 683 757 685 475 415 478 479 426 402 407 429 424 384 396 393 387 375 359 377 369 363 371 382 372 361 341 340 345 335 323 312 350 343 388 398 380 330 332 326
-32768 -32768 -32768 -32768 -32768 -32768 -32768 -32768 -32768 -32768 -32768 -32768 -32768 -32768 -32768 -32768 -32768 -32768 -32768 -32768 -32768 -32768 13 10 18 11 6 11 14 14 23 41 54 62 128 168 169 227 293 394 243 306 750 752 778 1025 967 812 803 812 801 770 653 588 577 598 427 391 391 386 390 384 376 374 374 364 360 368 366 381 364 371 384 364 350 342 342 351 348 334 320 342 365 417 443 399 359 387 374
-32768 -32768 -32768 -32768 -32768 -32768 -32768 -32768 -32768 -32768 -32768 -32768 -32768 -32768 -32768 -32768 -32768 -32768 -32768 -32768 -32768 8 14 13 11 19 17 7 7 12 20 30 53 109 111 170 192 224 315 409 265 392 669 689 880 1018 1033 759 719 734 737 609 554 566 547 425 399 394 415 419 403 391 391 390 379 368 384 375 381 373 373 379 386 364 350 358 351 365 345 336 324 325 337 405 435 413 425 462 440
-32768 -32768 -32768 -32768 -32768 -32768 -32768 -32768 -32768 -32768 -32768 -32768 -32768 -32768 -32768 -32768 -32768 -32768 -32768 -32768 -32768 -32768 9 10 8 5 14 5 6 10 12 17 37 91 71 127 189 220 377 473 354 439 737 646 996 959 999 751 729 758 616 660 659 524 454 399 402 409 407 473 415 433 413 384 371 380 392 380 382 390 378 385 374 352 364 368 365 357 334 329 331 319 331 350 419 533 503 520 529
-32768 -32768 -32768 -32768 -32768 -32768 -32768 -32768 -32768 -32768 -32768 -32768 -32768 -32768 -32768 -32768 -32768 -32768 -32768 -32768 -32768 -32768 -32768 -32768 -32768 -32768 4 -32768 2 7 8 8 20 29 122 173 180 312 367 362 357 459 382 497 694 907 788 708 802 781 669 787 772 487 544 417 416 412 404 421 445 411 390 376 381 391 392 393 387 405 382 386 390 372 359 374 379 354 343 347 330 332 327 334 336 437 415 482 541
-32768 -32768 -32768 -32768 -32768 -32768 -32768 -32768 -32768 -32768 -32768 -32768 -32768 -32768 -32768 -32768 -32768 -32768 -32768 -32768 -32768 -32768 -32768 -32768 -32768 -32768 -32768 -32768 -32768 7 7 5 5 19 98 174 178 199 267 381 416 481 320 331 480 722 1085 813 822 700 690 702 641 538 561 555 429 418 416 418 406 401 389 389 380 400 404 400 399 419 399 383 391 361 374 367 366 350 359 342 338 343 328 347 335 343 393 498 497
-32768 -32768 -32768 -32768 -32768 -32768 -32768 -32768 -32768 -32768 -32768 -32768 -32768 -32768 -32768 -32768 -32768 -32768 -32768 -32768 -32768 -32768 -32768 -32768 -32768 -32768 -32768 -32768 -32768 -32768 -32768 5 4 19 113 164 149 122 183 270 386 439 251 304 437 555 901 728 748 694 800 812 694 592 479 447 431 418 413 400 399 405 404 408 382 400 416 404 391 418 412 389 387 373 383 377 376 363 378 350 349 349 335 345 348 342 345 353 350
-32768 -32768 -32768 -32768 -32768 -32768 -32768 -32768 -32768 -32768 -32768 -32768 -32768 -32768 -32768 -32768 -32768 -32768 -32768 -32768 -32768 -32768 -32768 -32768 -32768 -32768 -32768 -32768 -32768 -32768 -32768 -32768 3 27 87 94 146 121 184 251 271 260 254 338 490 466 686 769 822 579 713 804 738 521 454 443 431 435 419 408 446 421 429 415 386 404 412 417 389 418 413 401 390 378 394 383 387 380 375 358 356 352 339 344 344 357 333 327 330
-32768 -32768 -32768 -32768 -32768 -32768 -32768 -32768 -32768 -32768 -32768 -32768 -32768 -32768 -32768 -32768 -32768 -32768 -32768 -32768 -32768 -32768 -32768 -32768 -32768 -32768 -32768 -32768 -32768 -32768 -32768 -32768 -32768 36 19 35 53 113 119 124 387 500 420 178 423 368 541 732 577 383 442 496 647 504 456 439 449 449 431 437 430 415 428 410 414 414 433 417 403 430 432 427 411 386 392 394 405 403 386 360 361 372 346 359 357 354 339 324 316
-32768 -32768 -32768 -32768 -32768 -32768 -32768 -32768 -32768 -32768 -32768 -32768 -32768 -32768 -32768 -32768 -32768 -32768 -32768 -32768 -32768 -32768 -32768 -32768 -32768 -32768 -32768 -32768 -32768 -32768 -32768 -32768 -32768 -32768 3 4 16 29 130 219 200 457 509 218 191 133 451 472 346 386 433 450 494 489 459 453 468 467 440 464 447 416 431 408 414 439 420 407 418 405 416 428 422 420 395 409 414 427 384 382 375 371 348 359 354 351 371 348 319
-32768 -32768 -32768 -32768 -32768 -32768 -32768 -32768 -32768 -32768 -32768 -32768 -32768 -32768 -32768 -32768 -32768 -32768 -32768 -32768 -32768 -32768 -32768 -32768 -32768 -32768 -32768 -32768 -32768 -32768 -32768 -32768 -32768 -32768 -32768 0 8 11 143 197 160 326 452 174 107 99 343 173 297 370 383 417 468 482 470 462 480 463 473 472 488 429 439 411 440 462 438 429 434 426 431 417 441 430 399 410 445 451 426 446 400 374 367 353 340 342 353 347 338
-32768 -32768 -32768 -32768 -32768 -32768 -32768 -32768 -32768 -32768 -32768 -32768 -32768 -32768 -32768 -32768 -32768 -32768 -32768 -32768 -32768 -32768 -32768 -32768 -32768 -32768 -32768 -32768 -32768 -32768 -32768 -32768 -32768 -32768 -32768 -32768 -32768 5 15 153 280 341 727 205 134 105 125 129 216 386 424 416 466 469 490 470 474 502 493 477 473 454 461 473 471 512 515 497 482 461 441 423 431 433 403 416 468 481 451 432 409 375 393 364 356 337 329 326 337
-32768 -32768 -32768 -32768 -32768 -32768 -32768 -32768 -32768 -32768 -32768 -32768 -32768 -32768 -32768 -32768 -32768 -32768 -32768 -32768 -32768 -32768 -32768 -32768 -32768 -32768 -32768 -32768 -32768 -32768 -32768 -32768 -32768 -32768 -32768 -32768 -32768 13 20 7 59 134 452 118 77 86 97 127 294 452 462 447 441 457 500 489 490 522 525 500 481 525 489 494 523 510 564 573 583 506 468 432 446 441 412 425 444 540 482 445 389 376 392 360 352 366 366 340 320
-32768 -32768 -32768 -32768 -32768 -32768 -32768 -32768 -32768 -32768 -32768 -32768 -32768 -32768 -32768 -32768 -32768 -32768 -32768 -32768 -32768 -32768 -32768 -32768 -32768 -32768 -32768 -32768 -32768 -32768 -32768 -32768 -32768 -32768 -32768 -32768 21 19 3 5 12 29 54 68 71 61 88 130 217 349 370 421 450 466 491 544 546 543 539 514 510 559 581 607 527 515 624 606 595 565 490 451 455 470 444 429 407 471 506 466 406 392 395 379 375 380 353 328 337
-32768 -32768 -32768 -32768 -32768 -32768 -32768 -32768 -32768 -32768 -32768 -32768 -32768 -32768 -32768 -32768 -32768 -32768 -32768 -32768 -32768 -32768 -32768 -32768 -32768 -32768 -32768 -32768 -32768 -32768 -32768 -32768 -32768 -32768 -32768 -32768 -32768 -32768 -32768 6 9 25 45 60 66 60 99 137 169 349 464 468 451 727 511 619 632 611 557 519 514 545 653 719 719 609 700 619 600 619 528 484 471 492 453 418 375 389 482 428 420 409 385 371 390 355 334 322 365
-32768 -32768 -32768 -32768 -32768 -32768 -32768 -32768 -32768 -32768 -32768 -32768 -32768 -32768 -32768 -32768 -32768 -32768 -32768 -32768 -32768 -32768 -32768 -32768 -32768 -32768 -32768 -32768 -32768 -32768 -32768 -32768 -32768 -32768 -32768 -32768 -32768 -32768 -32768 -32768 8 19 39 53 61 57 64 106 165 320 539 423 405 549 498 710 607 567 555 568 548 631 787 775 788 675 719 630 639 640 558 531 510 467 452 413 368 385 431 399 394 379 390 365 369 380 342 318 367
-32768 -32768 -32768 -32768 -32768 -32768 -32768 -32768 -32768 -32768 -32768 -32768 -32768 -32768 -32768 -32768 -32768 -32768 -32768 -32768 -32768 -32768 -32768 -32768 -32768 -32768 -32768 -32768 -32768 -32768 -32768 -32768 -32768 -32768 -32768 -32768 -32768 -32768 -32768 -32768 5 5 23 53 66 60 59 82 117 292 403 409 393 401 437 698 496 502 508 562 553 680 761 789 856 744 731 633 801 828 670 638 600 497 422 410 361 380 408 392 356 345 366 363 362 360 348 318 379
-32768 -32768 -32768 -32768 -32768 -32768 -32768 -32768 -32768 -32768 -32768 -32768 -32768 -32768 -32768 -32768 -32768 -32768 -32768 -32768 -32768 -32768 -32768 -32768 -32768 -32768 -32768 -32768 -32768 -32768 -32768 -32768 -32768 -32768 -32768 -32768 -32768 -32768 -32768 -32768 14 15 15 47 60 69 67 72 100 215 348 367 360 384 412 478 464 422 464 471 556 625 585 739 885 724 714 655 706 764 670 628 532 458 446 391 343 365 399 391 356 328 356 368 351 336 324 335 359
-32768 -32768 -32768 -32768 -32768 -32768 -32768 -32768 -32768 -32768 -32768 -32768 -32768 -32768 -32768 -32768 -32768 -32768 -32768 -32768 -32768 -32768 -32768 -32768 -32768 -32768 -32768 -32768 -32768 -32768 -32768 -32768 -32768 -32768 -32768 -32768 -32768 -32768 -32768 -32768 20 8 14 34 60 73 75 69 87 271 380 345 349 462 407 484 354 387 435 473 544 574 597 668 840 608 735 741 681 644 607 548 534 531 465 409 331 352 391 369 343 318 351 369 341 348 286 345 322
-32768 -32768 -32768 -32768 -32768 -32768 -32768 -32768 -32768 -32768 -32768 -32768 -32768 -32768 -32768 -32768 -32768 -32768 -32768 -32768 -32768 -32768 -32768 -32768 -32768 -32768 -32768 -32768 -32768 -32768 -32768 -32768 -32768 -32768 -32768 -32768 -32768 -32768 -32768 -32768 233 59 21 33 64 73 85 70 75 166 356 323 316 386 311 366 296 382 437 509 541 561 552 564 706 532 657 671 685 779 591 557 514 479 434 405 339 328 392 369 352 311 345 344 327 335 285 295 294
-32768 -32768 -32768 -32768 -32768 -32768 -32768 -32768 -32768 -32768 -32768 -32768 -32768 -32768 -32768 -32768 -32768 -32768 -32768 -32768 -32768 -32768 -32768 -32768 -32768 -32768 -32768 -32768 -32768 -32768 -32768 -32768 -32768 -32768 -32768 -32768 -32768 -32768 -32768 -32768 98 136 8 25 60 66 76 68 74 145 240 278 277 308 223 257 296 383 463 504 583 541 498 681 581 545 560 701 678 553 533 558 542 529 503 434 381 321 392 337 328 321 341 309 322 323 316 257 287
-32768 -32768 -32768 -32768 -32768 -32768 -32768 -32768 -32768 -32768 -32768 -32768 -32768 -32768 -32768 -32768 -32768 -32768 -32768 -32768 -32768 -32768 -32768 -32768 -32768 -32768 -32768 -32768 -32768 -32768 -32768 -32768 -32768 -32768 -32768 -32768 -32768 -32768 -32768 -32768 18 -32768 5 12 36 82 67 64 63 101 136 196 227 259 194 207 262 353 472 488 625 479 505 534 509 512 494 467 569 528 501 491 478 494 484 485 384 299 322 325 297 327 304 307 307 308 256 246 283
-32768 -32768 -32768 -32768 -32768 -32768 -32768 -32768 -32768 -32768 -32768 -32768 -32768 -32768 -32768 -32768 -32768 -32768 -32768 -32768 -32768 -32768 -32768 -32768 -32768 -32768 -32768 -32768 -32768 -32768 -32768 -32768 -32768 -32768 -32768 -32768 -32768 -32768 -32768 -32768 -32768 -32768 6 11 17 47 59 59 51 86 106 132 212 177 187 232 270 375 471 462 425 464 470 465 457 476 442 467 520 513 508 521 495 463 437 474 410 278 309 349 299 284 274 298 296 266 225 244 282
-32768 -32768 -32768 -32768 -32768 -32768 -32768 -32768 -32768 -32768 -32768 -32768 -32768 -32768 -32768 -32768 -32768 -32768 -32768 -32768 -32768 -32768 -32768 -32768 -32768 -32768 -32768 -32768 -32768 -32768 -32768 -32768 -32768 -32768 -32768 -32768 -32768 -32768 -32768 -32768 -32768 0 9 9 9 19 45 56 44 75 103 118 171 181 244 288 292 406 434 384 446 439 387 439 419 431 472 479 490 563 448 562 585 515 604 695 461 288 297 319 320 311 271 281 277 233 222 269 310
-32768 -32768 -32768 -32768 -32768 -32768 -32768 -32768 -32768 -32768 -32768 -32768 -32768 -32768 -32768 -32768 -32768 -32768 -32768 -32768 -32768 -32768 -32768 -32768 -32768 -32768 -32768 -32768 -32768 -32768 -32768 -32768 -32768 -32768 -32768 -32768 -32768 -32768 -32768 -32768 -32768 0 4 4 5 7 17 29 35 61 76 121 140 163 232 258 393 372 363 438 439 340 297 376 409 415 439 440 578 661 467 646 762 550 676 579 334 273 282 281 302 280 267 224 273 230 226 248 270
-32768 -32768 -32768 -32768 -32768 -32768 -32768 -32768 -32768 -32768 -32768 -32768 -32768 -32768 -32768 -32768 -32768 -32768 -32768 -32768 -32768 -32768 -32768 -32768 -32768 -32768 -32768 -32768 -32768 -32768 -32768 -32768 -32768 -32768 -32768 -32768 -32768 -32768 -32768 -32768 -32768 -32768 -32768 -32768 4 9 10 9 16 37 60 80 125 156 179 311 316 302 400 402 294 269 295 346 396 329 354 430 499 403 391 527 620 441 490 343 306 266 277 262 285 265 282 219 265 217 231 216 232
-32768 -32768 -32768 -32768 -32768 -32768 -32768 -32768 -32768 -32768 -32768 -32768 -32768 -32768 -32768 -32768 -32768 -32768 -32768 -32768 -32768 -32768 -32768 -32768 -32768 -32768 -32768 -32768 -32768 -32768 -32768 -32768 -32768 -32768 -32768 -32768 -32768 -32768 -32768 -32768 -32768 -32768 -32768 -32768 -32768 -32768 8 5 8 16 33 60 83 126 163 165 221 333 343 251 245 246 293 353 328 287 306 395 387 352 342 363 349 327 317 302 301 254 291 250 262 256 269 214 219 207 208 221 206
-32768 -32768 -32768 -32768 -32768 -32768 -32768 -32768 -32768 -32768 -32768 -32768 -32768 -32768 -32768 -32768 -32768 -32768 -32768 -32768 -32768 -32768 -32768 -32768 -32768 -32768 -32768 -32768 -32768 -32768 -32768 -32768 -32768 -32768 -32768 -32768 -32768 -32768 -32768 -32768 -32768 -32768 -32768 -32768 -32768 -32768 -32768 -32768 8 10 19 30 48 113 127 138 210 245 206 202 217 255 291 280 275 270 251 273 330 312 294 301 298 298 274 299 359 250 279 250 236 263 263 255 206 208 228 210 201
-32768 -32768 -32768 -32768 -32768 -32768 -32768 -32768 -32768 -32768 -32768 -32768 -32768 -32768 -32768 -32768 -32768 -32768 -32768 -32768 -32768 -32768 -32768 -32768 -32768 -32768 -32768 -32768 -32768 -32768 -32768 -32768 -32768 -32768 -32768 -32768 -32768 -32768 -32768 -32768 -32768 -32768 -32768 -32768 -32768 -32768 -32768 -32768 -32768 -32768 20 18 22 56 74 96 143 151 168 228 275 267 247 252 254 235 237 274 315 272 257 280 303 296 251 273 257 227 259 239 229 257 249 271 215 192 226 208 217
-32768 -32768 -32768 -32768 -32768 -32768 -32768 -32768 -32768 -32768 -32768 -32768 -32768 -32768 -32768 -32768 -32768 -32768 -32768 -32768 -32768 -32768 -32768 -32768 -32768 -32768 -32768 -32768 -32768 -32768 -32768 -32768 -32768 -32768 -32768 -32768 -32768 -32768 -32768 -32768 -32768 -32768 -32768 -32768 -32768 -32768 -32768 -32768 -32768 -32768 -32768 35 11 31 41 67 104 138 144 149 252 231 213 233 225 234 253 276 277 248 271 289 289 282 244 251 246 230 225 220 237 236 247 267 250 225 208 174 204
